106024.jpg 33 4 84 78
209070.jpg 30 19 104 73
24077.jpg 1 1 98 79
304074.jpg 19 47 60 97
326038.jpg 27 7 95 78
37073.jpg 5 2 104 55
376043.jpg 1 18 67 100
388016.jpg 15 13 66 112
65019.jpg 39 4 94 79
69020.jpg 0 0 110 79
86016.jpg 21 12 104 40
GT02.jpg 3 9 159 129
GT07.jpg 2 9 198 153
GT13.jpg 17 2 198 148
aero_2007_001884.jpg 24 25 114 63
aero_2007_006232.jpg 15 32 121 75
aero_2007_007341.jpg 13 16 114 62
banana1.jpg 1 7 158 113
bike_2007_000364.jpg 5 4 119 82
bike_2007_000822.jpg 18 41 97 88
bike_2007_005878.jpg 18 22 86 58
bird_2008_002200.jpg 41 33 109 102
car_2007_009779.jpg 21 30 123 80
car_2008_000595.jpg 12 87 98 120
car_2008_001716.jpg 46 30 113 68
cat_2007_000528.jpg 5 11 97 89
cat_2007_000876.jpg 15 2 103 81
cat_2008_001885.jpg 32 4 124 92
ceramic.jpg 13 1 141 112
flower.jpg 25 14 119 100
fullmoon.jpg 33 26 71 60
horse_2007_006134.jpg 22 18 106 81
horse_2008_000696.jpg 43 1 74 58
llama.jpg 0 25 94 90
person1.jpg 10 14 149 111
person3.jpg 32 49 80 140
person6.jpg 37 28 81 131
person_2007_001423.jpg 29 12 100 82
person_2007_008218.jpg 52 23 124 92
person_2007_009327.jpg 21 16 63 102
person_2008_000474.jpg 40 16 111 86
person_2008_000510.jpg 17 4 85 81
person_2008_000584.jpg 38 35 65 87
person_2008_001547.jpg 56 36 95 103
plant_2008_002379.jpg 16 16 73 116
sheep.jpg 38 42 80 102
sheep_2007_003593.jpg 9 26 120 74
stone1.jpg 50 9 124 109
teddy.jpg 12 11 63 82
tennis.jpg 35 24 81 110
