106024.jpg 66 9 168 156
209070.jpg 60 38 208 147
24077.jpg 2 3 196 159
304074.jpg 39 94 120 195
326038.jpg 55 15 191 156
37073.jpg 10 5 208 110
376043.jpg 3 36 134 201
388016.jpg 31 26 132 224
65019.jpg 79 9 189 158
69020.jpg 1 1 220 158
86016.jpg 43 24 209 81
GT02.jpg 7 19 319 259
GT07.jpg 5 18 397 307
GT13.jpg 34 5 397 296
aero_2007_001884.jpg 48 51 228 127
aero_2007_006232.jpg 30 64 243 151
aero_2007_007341.jpg 27 33 229 125
banana1.jpg 3 14 316 227
bike_2007_000364.jpg 10 9 238 164
bike_2007_000822.jpg 37 82 194 177
bike_2007_005878.jpg 36 44 172 116
bird_2008_002200.jpg 82 67 219 204
car_2007_009779.jpg 42 61 246 160
car_2008_000595.jpg 24 175 196 240
car_2008_001716.jpg 93 60 227 136
cat_2007_000528.jpg 11 22 195 178
cat_2007_000876.jpg 30 4 206 163
cat_2008_001885.jpg 65 9 248 185
ceramic.jpg 27 3 283 225
flower.jpg 51 29 238 200
fullmoon.jpg 66 53 142 121
horse_2007_006134.jpg 45 36 213 162
horse_2008_000696.jpg 87 3 149 117
llama.jpg 1 50 189 181
person1.jpg 20 28 298 222
person3.jpg 65 99 160 280
person6.jpg 74 56 163 263
person_2007_001423.jpg 58 25 200 164
person_2007_008218.jpg 105 46 248 184
person_2007_009327.jpg 42 33 126 205
person_2008_000474.jpg 81 32 223 173
person_2008_000510.jpg 35 9 171 162
person_2008_000584.jpg 77 70 131 174
person_2008_001547.jpg 113 72 191 207
plant_2008_002379.jpg 32 33 147 233
sheep.jpg 77 85 161 204
sheep_2007_003593.jpg 18 53 240 148
stone1.jpg 100 18 248 218
teddy.jpg 24 22 127 165
tennis.jpg 71 48 163 221
