106024.jpg 132 18 336 312
209070.jpg 121 76 416 295
24077.jpg 5 7 393 318
304074.jpg 78 188 240 390
326038.jpg 111 31 383 312
37073.jpg 21 11 417 221
376043.jpg 6 72 269 403
388016.jpg 62 53 264 449
65019.jpg 159 19 378 316
69020.jpg 2 3 440 316
86016.jpg 86 48 418 162
GT02.jpg 14 39 638 518
GT07.jpg 11 36 795 615
GT13.jpg 68 10 794 593
aero_2007_001884.jpg 97 102 457 255
aero_2007_006232.jpg 60 129 487 303
aero_2007_007341.jpg 54 67 459 251
banana1.jpg 6 28 633 454
bike_2007_000364.jpg 20 18 477 328
bike_2007_000822.jpg 74 165 388 354
bike_2007_005878.jpg 73 88 345 233
bird_2008_002200.jpg 164 134 439 409
car_2007_009779.jpg 84 122 493 320
car_2008_000595.jpg 49 351 392 480
car_2008_001716.jpg 187 121 455 273
cat_2007_000528.jpg 22 44 391 357
cat_2007_000876.jpg 60 8 413 327
cat_2008_001885.jpg 131 18 497 371
ceramic.jpg 54 7 567 450
flower.jpg 103 59 477 401
fullmoon.jpg 132 106 285 243
horse_2007_006134.jpg 91 72 427 324
horse_2008_000696.jpg 174 7 299 234
llama.jpg 3 101 379 362
person1.jpg 40 57 596 445
person3.jpg 131 199 320 560
person6.jpg 149 113 326 527
person_2007_001423.jpg 117 51 401 328
person_2007_008218.jpg 210 93 497 368
person_2007_009327.jpg 85 67 253 411
person_2008_000474.jpg 163 64 446 346
person_2008_000510.jpg 70 19 342 325
person_2008_000584.jpg 155 140 263 348
person_2008_001547.jpg 227 144 382 415
plant_2008_002379.jpg 65 66 295 466
sheep.jpg 154 170 323 409
sheep_2007_003593.jpg 37 106 481 297
stone1.jpg 201 37 497 436
teddy.jpg 48 45 255 331
tennis.jpg 143 97 326 443
