bison.jpg 1770 1300 3744 2845
butterfly.jpg 246 2684 2973 4429
cake.jpg 400 1852 2574 3660
cake2.jpg 1134 2713 3923 4731
coffee.jpg 1035 3298 2944 5644
deer.jpg 764 1288 3126 5310
dog.jpg 1661 641 3866 3207
dog2.jpg 1396 1488 2894 4066
duck.jpg 1850 1795 2993 3028
elephant.jpg 610 645 5128 3791
flower.jpg 531 300 3383 2101
flower2.jpg 86 1812 3317 5418
goat.jpg 425 1145 2422 3948
hut.jpg 835 1192 2193 2731
motorbike.jpg 906 1698 3549 3506
museum.jpg 21 132 2367 1358
tiger.jpg 47 531 1862 2928
tiger2.jpg 168 147 1826 2133
tower.jpg 665 152 2276 5048
turt.jpg 1544 2878 4215 5205
