bison.jpg 885 650 1872 1422
butterfly.jpg 123 1342 1486 2214
cake.jpg 200 926 1287 1830
cake2.jpg 567 1356 1961 2365
coffee.jpg 517 1649 1472 2822
deer.jpg 382 644 1563 2655
dog.jpg 830 320 1933 1603
dog2.jpg 698 744 1447 2033
duck.jpg 925 897 1496 1514
elephant.jpg 305 322 2564 1895
flower.jpg 265 150 1691 1050
flower2.jpg 43 906 1658 2709
goat.jpg 212 572 1211 1974
hut.jpg 417 596 1096 1365
motorbike.jpg 453 849 1774 1753
museum.jpg 10 66 1183 679
tiger.jpg 23 265 931 1464
tiger2.jpg 84 73 913 1066
tower.jpg 332 76 1138 2524
turt.jpg 772 1439 2107 2602
