bison.jpg 442 325 936 711
butterfly.jpg 61 671 743 1107
cake.jpg 100 463 643 915
cake2.jpg 283 678 980 1182
coffee.jpg 258 824 736 1411
deer.jpg 191 322 781 1327
dog.jpg 415 160 966 801
dog2.jpg 349 372 723 1016
duck.jpg 462 448 748 757
elephant.jpg 152 161 1282 947
flower.jpg 132 75 845 525
flower2.jpg 21 453 829 1354
goat.jpg 106 286 605 987
hut.jpg 208 298 548 682
motorbike.jpg 226 424 887 876
museum.jpg 5 33 591 339
tiger.jpg 11 132 465 732
tiger2.jpg 42 36 456 533
tower.jpg 166 38 569 1262
turt.jpg 386 719 1053 1301
